125 69 1060
215 33 2259
216 89 1117
216 90 2222
217 61 1246
258 4 940
290 111 1771
296 25 1854
298 70 1841
321 121 1348
332 25 1456
332 57 1438
346 103 1058
365 44 836
410 120 1400
412 109 1873
415 86 1439
417 86 2551
418 19 1473
418 19 2572
418 20 826
419 64 1922
470 72 1039
472 45 1052
481 81 1365
483 17 1384
493 98 1874
493 98 1878
493 98 1892
495 102 1762
496 100 1878
497 98 1876
497 98 1881
499 100 1902
500 62 1794
502 57 1895
502 58 1888
530 79 2343
533 16 2358
553 95 1591
557 57 1613
563 100 1080
570 21 1112
590 119 3124
590 120 2022
591 117 1381
595 86 1406
597 70 2060
600 22 2069
610 2 3589
610 2 3594
610 3 3584
610 7 3618
643 21 1793
650 77 1055
666 95 2628
666 98 1526
670 61 1631
670 62 1544
673 23 1546
688 89 1312
694 27 1326
707 81 2223
723 29 951
724 117 1862
729 73 1888
742 29 653
743 106 1591
745 67 1608
747 68 1609
766 123 2141
788 109 1308
798 119 1535
812 11 1541
814 123 3455
815 90 1823
815 124 3500
816 121 3389
816 123 3150
816 124 3411
822 98 872
826 6 1809
827 7 1865
836 4 857
836 104 2138
851 80 1232
869 122 2526
869 123 1424
875 56 1439
897 96 1671
902 61 1671
909 18 1653
934 108 1926
940 62 1928
942 31 1282
947 16 1908
950 124 583
952 120 2243
955 120 2244
955 123 2223
966 7 566
990 123 2199
991 120 2378
991 120 2379
991 123 1095
992 96 1105
992 120 2413
992 124 2382
995 68 2204
998 43 1095
1006 17 2172
1017 108 1648
1022 53 544
1024 36 1822
1027 35 1633
1046 95 640
1084 102 990
1084 104 1009
1084 110 1355
1085 118 1797
1087 77 2444
1089 51 989
1094 37 1776
1106 3 916
1157 80 1386
1166 100 510
1172 19 1315
1187 59 719
1193 38 1794
1204 121 2431
1214 57 971
1239 123 2296
1250 84 1274
1250 115 1273
1252 85 2366
1257 53 1234
1267 26 2268
1332 116 1448
1338 48 1382
1354 21 1245
