213 33 2272
213 87 2230
214 91 2223
215 33 2259
216 32 2272
216 90 2222
216 90 2225
218 32 2260
219 36 2262
287 110 1770
290 111 1771
291 109 1778
292 114 1769
319 118 1359
321 121 1348
322 121 1356
328 20 1449
330 23 1446
332 25 1456
333 56 1458
333 57 1448
334 24 1447
334 55 1454
334 59 1456
409 111 1882
410 107 1868
410 107 1876
412 106 1884
412 109 1873
413 107 1882
413 108 1876
414 85 2554
414 107 1883
414 112 1878
416 20 2577
416 62 1929
416 86 1444
416 89 2550
417 83 1448
417 85 2555
417 86 2551
417 87 1446
418 19 2572
419 19 2578
419 64 1922
419 66 1926
420 66 1927
421 16 2580
421 18 2574
481 80 1366
481 81 1365
482 83 1368
483 17 1384
484 19 1389
485 16 1383
493 98 1763
495 100 1763
495 102 1762
496 101 1772
496 103 1772
497 99 1769
497 100 1773
497 101 1769
500 62 1794
501 58 1795
501 58 1803
501 61 1797
503 58 1803
530 79 2343
533 16 2358
533 17 2361
533 18 2364
534 16 2361
553 93 1587
553 93 1596
553 95 1591
554 92 1595
555 90 1587
555 93 1595
589 116 2029
589 117 3123
590 119 3124
590 120 2022
591 117 2025
591 118 3118
591 118 3125
591 119 2026
592 121 2026
597 70 2060
597 71 2064
600 21 2073
600 22 2069
602 17 2071
641 23 1790
643 21 1793
643 24 1803
644 24 1795
645 20 1798
646 23 1793
665 94 1531
666 95 2628
666 95 2635
666 98 1526
666 98 1534
667 93 1536
668 96 1529
673 25 1551
673 25 1555
674 23 1547
675 24 1549
677 22 1547
677 27 1541
694 27 1326
695 25 1334
697 23 1329
697 24 1333
697 26 1329
705 79 2220
705 82 2232
705 83 2222
705 85 2232
707 81 2223
723 116 1861
724 117 1862
727 70 1898
727 71 1884
728 70 1890
729 72 1896
729 73 1888
731 71 1893
731 73 1888
731 74 1892
732 72 1889
740 105 1598
740 107 1589
741 105 1590
742 104 1592
743 106 1591
744 103 1584
745 67 1608
746 70 1608
798 119 1535
798 120 1543
800 116 1529
800 118 1544
812 90 1822
813 90 1816
815 90 1823
816 93 1822
826 6 1809
826 8 1808
829 4 1811
829 6 1818
833 105 2147
835 103 2147
835 105 2143
836 104 2138
836 105 2141
865 123 1427
866 124 2533
869 121 1433
869 121 2532
869 122 2526
869 123 1424
870 121 2533
870 124 2525
873 54 1438
875 54 1445
875 56 1439
875 56 1445
876 55 1440
878 54 1446
896 98 1669
897 96 1671
897 97 1677
901 57 1672
902 61 1671
903 57 1680
904 60 1676
908 19 1660
908 22 1657
909 18 1653
909 19 1664
932 108 1929
933 106 1927
934 108 1926
935 107 1924
936 61 1926
937 62 1934
938 62 1930
939 63 1930
940 62 1928
941 60 1925
947 16 1908
950 17 1917
988 126 2192
988 126 2207
989 122 2199
990 123 2199
991 122 2199
991 122 2201
992 68 2201
993 67 2212
994 70 2207
995 68 2204
997 67 2209
1003 17 2168
1004 16 2176
1005 14 2172
1005 15 2175
1006 17 2172
1006 17 2176
1017 108 1648
1018 111 1646
1018 112 1657
1025 33 1626
1026 33 1635
1026 36 1634
1027 33 1630
1027 33 1632
1027 35 1629
1027 35 1633
1029 31 1635
1029 35 1627
1082 121 1792
1083 116 1797
1083 118 1802
1084 74 2443
1084 109 1342
1084 110 1345
1085 106 1344
1085 108 1339
1085 118 1797
1086 109 1340
1087 75 2445
1088 78 2442
1094 34 1775
1094 37 1776
1095 36 1773
1096 35 1769
1098 38 1781
1157 80 1386
1192 42 1793
1193 38 1794
1194 42 1784
1195 40 1780
1250 84 1274
1250 115 1273
1251 83 1267
1251 83 2371
1251 114 1269
1252 83 2368
1252 85 2366
1252 117 1277
1253 82 2373
1253 86 1263
1254 86 2365
1265 27 2266
1267 26 2268
1268 28 2265
1270 28 2263
1271 23 2265
1332 116 1448
1333 115 1437
1333 115 1443
1333 117 1441
1335 117 1447
1337 48 1383
1338 47 1373
1338 47 1383
1338 48 1382
1340 52 1378
1353 18 1249
1354 19 1243
1354 21 1245
1355 24 1252
